27 28 40 97 41 
41 66 7 17 51 
57 53 89 82 10 
47 85 8 66 73 
93 17 1 18 67 


Transpose:
27 41 57 47 93 
28 66 53 85 17 
40 7 89 8 1 
97 17 82 66 18 
41 51 10 73 67 


Principal diagonal:
[41, 17, 89, 73, 67, 0, 0, 0, 0, 0, 0]

Secondary diagonal:
[93, 85, 89, 17, 41]

Primes:
[41, 17, 89, 73, 67, 0, 0, 0, 0, 0, 0]

The second matrix:
75 27 10 3 92 
95 24 80 27 39 
5 90 8 4 23 
26 28 71 50 39 
41 95 31 49 63 


Transpose:
75 95 5 26 41 
27 24 90 28 95 
10 80 8 71 31 
3 27 4 50 49 
92 39 23 39 63 


Principal diagonal:
[3, 0, 23, 71, 31, 0]

Secondary diagonal:
[41, 28, 8, 27, 92]

Primes:
[3, 0, 23, 71, 31, 0]

Sum of 2 matrix:
54 56 80 194 82 
82 132 14 34 102 
114 106 178 164 20 
94 170 16 132 146 
186 34 2 36 134 


1st matrix minus 2nd matrix:
-48 1 30 94 -51 
-54 42 -73 -10 12 
52 -37 81 78 -13 
21 57 -63 16 34 
52 -78 -30 -31 4 


Multiply:
9088 11612 10988 7856 10862 
11913 8642 8534 5282 10383 
12297 14067 11654 6548 13186 
16349 12812 14283 9345 14996 
11810 9878 5653 4925 14165 


Sorted matrix of 1st matrix:
1 7 8 10 17 
17 18 27 28 40 
41 41 47 51 53 
57 66 66 67 73 
82 85 89 93 97 